0.009474
0.013548
0.014177
0.039221
0.038027
0.03187
0.021997
0.024337
0.013355
0.024572
0.022053
0.027188
0.027507
0.022378
0.027586
0.028123
0.041855
0.009566
0.028098
0.015368
0.027552
0.015087
0.019854
0.014748
0.010293
0.02777
0.022235
0.017956
0.03154
0.024742
0.032726
0.023767
0.032586
0.026777
0.013664
0.032116
0.026051
0.018649
0.028145
0.03792
0.025703
0.033671
0.026435
0.032108
0.027132
0.022642
0.026563
0.041013
0.015677
0.026259
0.008059
0.026721
0.027963
0.016196
0.039076
0.00848
0.017122
0.039356
0.018842
0.02174
0.032884
0.013302
0.01722
0.021327
0.039788
0.022036
0.022333
0.021475
0.037641
0.039818
0.009383
0.042948
0.013842
0.028139
0.021033
0.014758
0.038026
0.024939
0.02998
0.027581
0.034278
0.020679
0.032956
0.030307
0.030992
0.032228
0.024616
0.022636
0.016903
0.027329
0.027824
0.033189
0.044993
0.03327
0.026732
0.031542
0.03486
0.018599
0.021794
0.03247
0.019159
0.016849
0.011102
0.034444
0.035177
0.040251
0.00909
0.034756
0.012914
0.041182
0.006186
0.024987
0.040389
0.039297
0.035745
0.034713
0.032667
0.022438
0.040733
0.035341
0.033807
0.043567
0.024029
0.020834
0.02333
0.024673
0.027489
0.032177
0.038181
0.022363
0.032489
0.035883
0.020174
0.027358
0.032877
0.041227
0.018214
0.037342
0.041721
0.016829
0.016668
0.011249
0.043127
0.034331
0.011875
0.024576
0.034378
0.00649
0.009528
0.043449
0.028182
0.013454
0.02442
0.028153
0.032657
0.017858
0.027193
0.018702
0.027129
0.040711
0.023476
0.042848
0.022052
0.037635
0.043013
0.028625
0.022424
0.042476
0.017302
0.018791
0.020913
0.008819
0.021055
0.02623
0.026395
0.04106
0.037996
0.041943
0.041087
0.02659
0.043645
0.033584
0.041742
0.032658
0.027849
0.027109
0.031001
0.027472
0.022201
0.0273
0.025373
0.021625
0.03038
0.013845
0.022458
0.031748
0.042179
0.011609
0.046404
0.010369
0.02603
0.025075
0.02248
0.03268
0.027307
0.035852
0.035144
0.025306
0.033178
0.032181
0.031142
0.010921
0.034991
0.02825
0.022862
0.028546
0.026672
0.031672
0.027721
0.026546
0.028128
0.026662
0.04443
0.019292
0.037903
0.039881
0.039653
0.021581
0.039786
0.035504
0.044158
0.038826
0.015277
0.036323
0.033706
0.030017
0.025213
0.012623
0.028862
0.029626
0.036464
0.028047
0.035402
0.042623
0.03256
0.024614
0.037614
0.023189
0.025744
0.034044
0.033796
0.02343
0.038398
0.023627
0.029803
0.030411
0.024906
0.037601
0.020808
0.030414
0.013631
0.021822
0.029969
0.027739
0.031933
0.0388
0.032955
0.008846
0.017553
0.032983
0.031674
0.038806
0.03258
0.013601
0.033647
0.026344
0.038124
0.031058
0.030457
0.036081
0.026659
0.02791
0.026599
0.040281
0.042958
0.0204
0.027044
0.022412
0.032565
0.026167
0.035003
0.014322
0.030202
0.023569
0.025267
0.039398
0.014076
0.025471
0.032058
0.016408
0.018596
0.025746
0.029648
0.022611
0.028228
0.026469
0.022988
0.027454
0.024996
0.021513
0.03012
0.022919
0.020415
0.038541
0.023727
0.022561
0.028128
0.036696
0.037582
0.026358
0.023494
0.024212
0.022093
0.02715
0.026951
0.014747
0.026805
0.029161
0.008187
0.041006
0.026357
0.018934
0.037247
0.025781
0.02209
0.02476
0.028011
0.021575
0.017606
0.02658
0.025965
0.040715
0.03842
0.030158
0.033326
0.035083
0.024796
0.026306
0.030304
0.01335
0.019859
0.020391
0.025926
0.028005
0.019944
0.015315
0.015942
0.031976
0.020374
0.020463
0.03401
0.021509
0.032782
0.018867
0.039095
0.011437
0.023132
0.019755
0.037741
0.015306
0.001181
0.036971
0.012888
0.031993
0.012546
0.02173
0.031671
0.016973
0.018088
0.010773
0.036735
0.024905
0.037043
0.026563
0.013374
0.019716
0.024026
0.014658
0.030779
0.014105
0.032587
0.008429
0.030827
0.024184
0.030039
0.016303
0.029409
0.022295
0.024484
0.023792
0.014362
0.010751
0.028798
0.022611
0.037989
0.028528
0.023743
0.027594
0.026197
0.021294
0.010638
0.030013
0.026672
0.015217
0.01834
0.032682
0.01528
0.016768
0.032956
0.016109
0.033706
0.019872
0.025417
0.023107
0.025071
0.017404
0.031663
0.018062
0.034903
0.016425
0.038
0.014859
0.028075
0.017682
0.024322
0.011045
0.02389
0.024586
0.017972
0.029977
0.010805
0.022449
0.026901
0.019135
0.037661
0.030698
0.022034
0.024855
0.020545
0.021261
0.029554
0.013142
0.032351
0.01475
0.026707
0.036546
0.01784
0.018426
0.031982
0.01879
0.019623
0.020223
0.033778
0.023937
0.013144
0.026877
0.025765
0.012658
0.037034
0.01572
0.029815
0.016734
0.027965
0.01101
0.013139
0.016274
0.034898
0.023185
0.013289
0.023816
0.035296
0.026369
0.022245
0.015885
0.010411
0.026965
0.021471
0.029193
0.020419
0.012495
0.019402
0.037233
0.038494
0.027693
0.030061
0.034952
0.016753
0.03377
0.01652
0.01663
0.017736
0.015524
0.01551
0.018364
0.029032
0.024495
0.019179
0.015182
0.025391
0.023088
0.00589
0.035685
0.014218
0.023869
0.030038
0.028745
0.021971
0.021996
0.020514
0.040927
0.01428
0.030817
0.014789
0.027176
0.019007
0.03308
0.031884
0.024651
0.025737
0.015771
0.018289
0.013584
0.027608
0.016115
0.005992
0.018179
0.01046
0.006015
0.010898
0.033619
0.011664
0.033471
0.013292
0.035155
0.043856
0.017611
0.019527
0.016061
0.010757
0.037124
0.017166
0.039242
0.031541
0.0094
0.013393
0.018365
0.013158
0.025373
0.018332
0.023576
0.026408
0.026405
0.017018
0.017806
0.03339
0.014536
0.017068
0.030374
0.019538
0.014393
0.0359
0.012569
0.02984
0.016824
0.017084
0.025407
0.02608
0.010072
0.027784
0.024419
0.014562
0.009589
0.025155
0.024074
0.024898
0.019075
0.017576
0.01183
0.01863
0.016579
0.014415
0.016595
0.043813
0.011815
0.027288
0.01494
0.028763
0.010519
0.034647
0.012438
0.03392
0.040362
0.031238
0.015495
0.038079
0.021721
0.020369
0.042799
0.017283
0.014166
0.013863
0.019494
0.015107
0.030676
0.019269
0.024817
0.030695
0.030891
0.017082
0.01684
0.015044
0.022845
0.034668
0.02086
0.018183
0.023223
0.007863
0.023985
0.028917
0.020097
0.020845
0.010397
0.016353
0.016031
0.021932
0.017888
0.025853
0.021205
0.012672
0.021232
0.016239
0.015619
0.02606
0.010347
0.030925
0.012232
0.026595
0.01301
0.019358
0.017347
0.015927
0.02708
0.024328
0.013238
0.015233
0.014365
0.015181
0.007813
0.014997
0.025246
0.026449
0.027119
0.024786
0.015849
0.01317
0.016587
0.0228
0.010722
0.028155
0.021663
0.016827
0.017816
0.015864
0.017902
0.028379
0.013687
0.027509
0.013304
0.010769
0.021036
0.014293
0.019167
0.015996
0.030667
0.014432
0.015511
0.013536
0.018262
0.025575
0.012594
0.020726
0.014323
0.030827
0.009829
0.017462
0.012417
0.010417
0.035019
0.024206
0.016843
0.017361
0.015325
0.042806
0.0086
0.038026
0.009528
0.016528
0.021567
0.009269
0.02641
0.034133
0.019363
0.01742
0.024268
0.017274
0.023808
0.018967
0.012001
0.042075
0.036664
0.016328
0.017916
0.02213
0.012013
0.02229
0.011111
0.030233
0.022342
0.016018
0.014025
0.016999
0.017967
0.01777
0.023976
0.014239
0.011576
0.031254
0.02392
0.017
0.014302
0.021297
0.021327
0.023544
0.016908
0.012026
0.029606
0.024118
0.017598
0.032427
0.01932
0.019615
0.030875
0.019649
0.015916
0.017079
0.018142
0.012268
0.016913
0.009961
0.034276
0.017039
0.025713
0.012613
0.028417
0.021622
0.013212
0.038638
0.033079
0.016392
0.042468
0.009083
0.023908
0.021932
0.023958
0.033685
0.020614
0.012015
0.011809
0.016277
0.009033
0.025208
0.012429
0.020622
0.015727
0.006623
0.010369
0.028328
0.010611
0.015014
0.014484
0.019613
0.019235
0.015783
0.011413
0.014856
0.013522
0.016169
0.013944
0.027271
0.034092
0.011642
0.015833
0.01939
0.009049
0.010364
0.024584
0.019902
0.019902
0.016943
0.02582
0.01572
0.025609
0.026544
0.015986
0.014248
0.021422
0.017211
0.012154
0.013276
0.017032
0.021464
0.028889
0.019194
0.014867
0.025511
0.029907
0.028501
0.013756
0.016075
0.014609
0.01264
0.018543
0.019561
0.02517
0.010388
0.015109
0.040705
0.013756
0.014015
0.008818
0.017023
0.022418
0.040215
0.015706
0.02121
0.02984
0.018587
0.017227
0.029304
0.009454
0.033426
0.009646
0.015501
0.021698
0.018489
0.012065
0.025996
0.024267
0.016796
0.027741
0.018092
0.007875
0.01249
0.017271
0.009311
0.02063
0.011418
0.014169
0.021029
0.012026
0.01413
0.02509
0.01796
0.022758
0.018526
0.016163
0.024429
0.029581
0.013709
0.027839
0.007606
0.034916
0.020952
0.026049
0.025167
0.011475
0.031639
0.01211
0.01045
0.011942
0.019455
0.017802
0.021828
0.016269
0.018291
0.026012
0.010402
0.023668
0.020697
0.01292
0.016522
0.00916
0.023935
0.017543
0.007919
0.016324
0.019496
0.019613
0.022235
0.022949
0.04383
0.019506
0.027779
0.033241
0.013324
0.014998
0.032365
0.024157
0.021415
0.023772
0.019933
0.016019
0.010015
0.0263
0.020858
0.01497
0.012932
0.009175
0.009127
0.019603
0.025763
0.020569
0.018218
0.024927
0.009108
0.029263
0.016456
0.027679
0.006127
0.013718
0.013393
0.033339
0.023951
0.02155
0.017301
0.027527
0.033039
0.017686
0.023029
0.018084
0.033683
0.030073
0.024556
0.014187
0.017479
0.009506
0.014597
0.014612
0.029659
0.012539
0.027501
0.035975
0.016591
0.012156
0.026393
0.015691
0.020361
0.015742
0.015311
0.009028
0.009136
0.024041
0.037607
0.010084
0.017886
0.013736
0.031163
0.026047
0.020977
0.008392
0.031944
0.012422
0.015648
0.01409
0.013897
0.030001
0.024478
0.013397
0.00793
0.019271
0.019751
0.019724
0.02079
0.017688
0.042267
0.017952
0.024647
0.020346
0.016799
0.019803
0.018118
0.040221
0.036304
0.011852
0.030026
0.012578
0.021063
0.021702
0.008333
0.020135
0.012068
0.012689
0.012785
0.021243
0.021039
0.012615
0.021792
0.017919
0.011845
0.009581
0.031102
0.012465
0.010642
0.017777
0.01198
0.01498
0.026057
0.012843
0.024463
0.014931
0.018644
0.027917
0.025164
0.011925
0.031244
0.018955
0.03486
0.021222
0.008565
0.03338
0.020762
0.005913
0.030511
0.014929
0.02921
0.035536
0.033041
0.017079
0.017129
0.037062
0.019104
0.02148
0.014508
0.006971
0.017626
0.015584
0.018515
0.032622
0.034861
0.017739
0.022106
0.01407
0.027485
0.019858
0.020042
0.017889
0.021127
0.009281
0.017184
0.023671
0.033914
0.016862
0.025594
0.015477
0.007893
0.007493
0.023303
0.037927
0.016774
0.015504
0.017865
0.013949
0.015298
0.015162
0.01399
0.008682
0.030845
0.025997
0.010897
0.012066
0.014226
0.008898
0.013091
0.009459
0.012875
0.015711
0.023248
0.015739
0.010363
0.039849
0.015087
0.027284
0.010993
0.020768
0.014187
0.007527
0.012533
0.02061
0.016662
0.011294
0.013207
0.031765
0.033328
0.011327
0.01737
0.023189
0.010686
0.008718
0.012254
0.019128
0.022559
0.027456
0.010098
0.013036
0.036904
0.023963
0.011162
0.030946
0.025138
0.021066
0.014611
0.020327
0.027157
0.018197
0.011132
0.028224
0.010304
0.011002
0.02023
0.007282
0.016545
0.011852
0.029752
0.008887
0.016843
0.016866
0.034096
0.023441
0.011142
0.02704
0.022282
0.021996
0.015669
0.012905
0.01562
0.025458
0.010226
0.015751
0.012641
0.02087
0.017548
0.009336
0.009565
0.011057
0.00669
0.020254
0.007354
0.010461
0.019621
0.017245
0.015788
0.012404
0.016711
0.026171
0.014982
0.013045
0.007409
0.011524
0.022874
0.03753
0.009946
0.019784
0.017131
0.017529
0.014644
0.010231
0.008643
0.018674
0.027744
0.009823
0.009796
0.026207
0.008807
0.022667
0.019499
0.014042
0.013897
0.017102
0.016861
0.043784
0.022167
0.010343
0.023433
0.007504
0.035
0.011835
0.013616
0.023009
0.025539
0.014619
0.025995
0.00978
0.011194
0.015214
0.017425
0.016282
0.006968
0.02772
0.014231
0.00959
0.01939
0.009207
0.024437
0.021613
0.004934
0.012205
0.009089
0.011385
0.01021
0.020595
0.017731
0.02509
0.012245
0.016582
0.015204
0.017249
0.012003
0.020682
0.012872
0.01255
0.02753
0.019137
0.024105
0.011802
0.018597
0.037302
0.033948
0.023
0.011502
0.010874
0.012971
0.017268
0.010564
0.009967
0.027018
0.028809
0.039236
0.025491
0.018071
0.021219
0.017864
0.022073
0.026249
0.041137
0.016649
0.024166
0.026071
0.008603
0.009794
0.013163
0.021881
0.026671
0.012781
0.006224
0.00753
0.013458
0.021328
0.022393
0.014884
0.015443
0.012909
0.017924
0.015551
0.033062
0.007631
0.012985
0.008289
0.014815
0.01582
0.00895
0.009915
0.006042
0.031492
0.013754
0.016927
0.026846
0.015876
0.017292
0.021925
0.012508
0.02469
0.014978
0.018927
0.011627
0.006591
0.016211
0.020579
0.021541
0.005637
0.008233
0.020032
0.011997
0.02487
0.014131
0.016782
0.01317
0.031939
0.007744
0.008437
0.029889
0.012
0.02787
0.009007
0.010504
0.015885
0.026952
0.018673
0.014849
0.008484
0.010341
0.013124
0.007421
0.033449
0.012602
0.024858
0.020929
0.02502
0.016927
0.017951
0.020086
0.010383
0.01845
0.021453
0.009378
0.023081
0.039327
0.008613
0.010165
0.010002
0.026565
0.013826
0.014207
0.012772
0.020824
0.026274
0.008403
0.013461
0.008563
0.015025
0.011644
0.024387
0.010295
0.014431
0.018568
0.017319
0.02689
0.008454
0.014424
0.007893
0.010932
0.038286
0.010917
0.012201
0.017781
0.005525
0.013298
0.010618
0.019356
0.013198
0.021036
0.025888
0.013551
0.018195
0.006975
0.027234
0.018823
0.013794
0.022974
0.00943
0.014891
0.006381
0.011878
0.008797
0.02528
0.013126
0.020084
0.006553
0.017079
0.011959
0.010335
0.028222
0.010234
0.018212
0.016815
0.014787
0.009179
0.011735
0.01701
0.0106
0.013303
0.009437
0.015538
0.020902
0.02318
0.007724
0.014618
0.007033
0.027946
0.008459
0.01387
0.026089
0.008848
0.014935
0.011007
0.01831
0.021584
0.009906
0.010015
0.019747
0.009963
0.019258
0.008939
0.014522
0.006995
0.011815
0.028299
0.009971
0.009102
0.020519
0.016373
0.008412
0.037814
0.016551
0.018186
0.01075
0.019117
0.016938
0.007863
0.018064
0.015704
0.015777
0.011954
0.017364
0.016705
0.014509
0.016948
0.01955
0.014873
0.01946
0.028974
0.011081
0.013694
0.014388
0.011977
0.019019
0.022108
0.034729
0.020746
0.022371
0.017485
0.016584
0.016793
0.022951
0.025058
0.010664
0.014758
0.011969
0.03301
0.021381
0.018853
0.020835
0.029147
0.006975
0.013535
0.028644
0.015067
0.0268
0.02442
0.015912
0.009915
0.008544
0.011253
0.039703
0.010286
0.026243
0.015823
0.015626
0.020528
0.024549
0.019942
0.011864
0.016599
0.01597
0.006322
0.010739
0.037447
0.00977
0.006022
0.027967
0.010785
0.018493
0.012441
0.012459
0.023254
0.019801
0.024535
0.014724
0.02849
0.027914
0.025111
0.013196
0.030106
0.023144
0.031791
0.017864
0.026617
0.042559
0.023067
0.018614
0.024544
0.015275
0.025043
0.011215
0.009429
0.017681
0.028644
0.005341
0.022504
0.014502
0.006952
0.023364
0.01251
0.005343
0.019632
0.020091
0.015505
0.015254
0.027234
0.014874
0.015093
0.01304
0.016354
0.022201
0.007239
0.023737
0.011161
0.014699
0.013031
0.026016
0.010677
0.010456
0.034361
0.013327
0.007072
0.021612
0.010374
0.013612
0.01101
0.012629
0.008065
0.019466
0.02337
0.007695
0.016238
0.038616
0.020839
0.010771
0.014218
0.024672
0.037928
0.014474
0.013582
0.022963
0.011632
0.015849
0.020093
0.027571
0.015209
0.034873
0.012203
0.020611
0.018151
0.011178
0.00674
0.007195
0.00644
0.04022
0.012278
0.008575
0.012854
0.016209
0.013275
0.006431
0.020323
0.011928
0.013664
0.014576
0.008956
0.042901
0.034602
0.011342
0.013282
0.00695
0.033177
0.010588
0.011861
0.018062
0.020226
0.011987
0.018762
0.005285
0.030036
0.019426
0.017538
0.012476
0.027238
0.012991
0.027693
0.021298
0.009005
0.015147
0.024515
0.01454
0.019094
0.017905
0.016281
0.01415
0.02083
0.007119
0.017737
0.013797
0.016292
0.012776
0.011687
0.018652
0.020456
0.014211
0.008983
0.017686
0.010373
0.030554
0.017002
0.007968
0.019696
0.013862
0.017586
0.009957
0.012646
0.017563
0.012354
0.028474
0.016916
0.008815
0.023762
0.016673
0.014551
0.040326
0.011157
0.014153
0.020648
0.018577
0.012998
0.020846
0.012422
0.008955
0.014732
0.014563
0.031004
0.021948
0.021486
0.023375
0.018249
0.018719
0.026329
0.01512
0.024413
0.011836
0.01185
0.007454
0.006132
0.018187
0.018229
0.018626
0.00809
0.011982
0.015279
0.020591
0.005965
0.02245
0.009967
0.014653
0.008109
0.010549
0.009909
0.024201
0.014027
0.027497
0.020613
0.005168
0.004617
0.02162
0.004564
0.009803
0.013602
0.018207
0.007695
0.020574
0.017682
0.020358
0.030206
0.020524
0.012946
0.030205
0.014054
0.0231
0.014541
0.026797
0.005449
0.012453
0.015182
0.011974
0.02288
0.0299
0.005734
0.017286
0.007207
0.009214
0.009472
0.017386
0.01673
0.010387
0.014143
0.016525
0.009112
0.028953
0.015814
0.014873
0.010498
0.012514
0.028386
0.008923
0.039369
0.010379
0.006545
0.008842
0.012244
0.016924
0.027377
0.006128
0.010718
0.012391
0.016151
0.010415
0.007449
0.019023
0.007943
0.029134
0.010315
0.015604
0.018256
0.005318
0.011604
0.006954
0.014393
0.01014
0.015802
0.011153
0.018165
0.011394
0.004128
0.009614
0.01214
0.009929
0.013321
0.011092
0.011195
0.01106
0.007306
0.01972
0.007345
0.026263
0.00984
0.024348
0.008803
0.015648
0.011297
0.012432
0.025418
0.012937
0.010544
0.010705
0.012789
0.019656
0.006473
0.019184
0.018511
0.01607
0.009152
0.008291
0.01601
0.025638
0.015883
0.010683
0.009394
0.023282
0.023446
0.023589
0.021237
0.018712
0.01466
0.010767
0.027457
0.010718
0.01041
0.00673
0.010016
0.007579
0.041084
0.0296
0.009443
0.014889
0.009116
0.024049
0.010838
0.00989
0.01265
0.015135
0.012701
0.009579
0.010826
0.005695
0.015253
0.01706
0.007236
0.015824
0.016046
0.034986
0.010695
0.007994
0.024977
0.017126
0.021248
0.013178
0.016172
0.020321
0.008402
0.014959
0.011459
0.022506
0.012852
0.004182
0.009514
0.009737
0.020894
0.011637
0.010848
0.022836
0.008022
0.023607
0.01301
0.016341
0.007935
0.0096
0.007288
0.023316
0.005564
0.008081
0.004709
0.015938
0.005114
0.008414
0.013241
0.012696
0.011322
0.016129
0.020515
0.019571
0.008664
0.009721
0.009092
0.010292
0.034296
0.006481
0.01163
0.007205
0.015222
0.012539
0.01137
0.012965
0.007648
0.010386
0.012346
0.007071
0.008242
0.01035
0.022529
0.008818
0.008094
0.008625
0.006778
0.010457
0.013406
0.025145
0.013617
0.006171
0.014656
0.007732
0.011396
